x y z intensity
3.293 -2.881 -0.004 0.505
7.536 1.098 0.056 0.235
26.456 -3.750 0.580 0.421
1.504 -2.018 1.301 0.791
-14.972 3.525 0.853 0.280
6.360 2.354 0.621 0.376
-30.564 0.481 0.081 0.587
-17.825 -5.190 -0.007 0.483
23.120 5.257 0.863 0.610
-9.082 -0.443 0.755 0.398
-32.308 1.379 0.712 0.218
10.714 3.235 1.246 0.723
27.120 -3.216 1.233 0.240
-16.925 1.054 1.281 0.346
21.454 -2.406 1.319 0.387
16.066 1.574 0.011 0.716
-4.148 -0.638 1.079 0.680
15.633 5.582 1.134 0.336
-11.451 5.757 -0.082 0.732
-2.523 4.787 0.166 0.216
2.796 5.414 0.763 0.428
16.603 4.530 0.012 0.742
-29.476 -0.754 0.779 0.609
28.022 -4.131 -0.069 0.255
-20.849 -0.811 0.376 0.839
24.476 -5.034 1.013 0.474
-3.334 -1.154 -0.018 0.413
-21.236 4.241 0.507 0.306
-27.756 5.898 1.020 0.585
32.335 -2.387 0.060 0.333
14.164 1.166 0.795 0.412
-5.426 0.396 1.462 0.842
22.670 -3.628 0.663 0.604
-13.760 2.120 1.041 0.826
-26.807 -3.478 -0.048 0.819
-32.607 -2.277 0.589 0.598
-5.724 2.104 0.644 0.353
14.755 4.916 0.880 0.721
26.033 5.092 1.252 0.694
37.120 -3.509 0.455 0.738
25.178 1.525 1.318 0.237
-26.370 -3.067 0.755 0.883
31.897 -1.328 1.389 0.336
20.919 5.021 0.030 0.244
-6.304 -3.548 0.958 0.408
22.890 3.356 1.117 0.794
-12.945 1.214 1.099 0.509
37.458 -5.139 0.538 0.833
-33.154 -1.145 0.451 0.230
3.905 4.981 0.700 0.223
28.285 2.793 0.117 0.672
5.696 -5.845 0.793 0.508
-6.268 4.864 0.273 0.797
28.785 -3.914 0.902 0.880
19.165 -4.890 0.126 0.231
-28.196 4.977 0.648 0.352
-23.513 3.574 0.781 0.501
12.421 2.599 0.804 0.384
-15.669 -2.837 0.088 0.324
28.144 0.138 1.337 0.806
6.903 -4.075 0.642 0.395
-2.783 -5.372 0.820 0.756
-37.080 2.952 0.206 0.363
-27.147 0.453 0.673 0.897
-21.454 -4.788 0.176 0.748
39.996 -4.943 0.401 0.222
-19.653 2.665 0.057 0.402
-29.476 0.037 0.241 0.320
11.238 -3.445 0.598 0.521
26.111 5.300 0.893 0.583
-9.762 1.928 1.147 0.512
-25.908 1.611 0.548 0.586
34.457 -4.777 0.842 0.416
-39.262 4.581 0.385 0.237
-27.107 -0.595 1.172 0.832
-19.010 2.602 1.093 0.826
-24.100 0.454 1.164 0.538
32.111 0.378 -0.032 0.283
-14.967 -2.985 1.016 0.660
39.761 4.966 1.469 0.625
-13.640 -4.712 0.897 0.430
-26.790 3.846 0.844 0.731
-38.477 2.088 0.680 0.625
18.292 -5.694 -0.028 0.231
31.862 -5.508 0.451 0.557
-31.490 3.416 0.824 0.358
-21.904 -1.081 1.260 0.218
-35.685 -0.875 1.477 0.704
-4.579 -5.336 -0.078 0.581
15.751 3.619 0.206 0.707
34.688 -4.586 0.011 0.688
-28.293 -0.772 0.104 0.462
-28.883 4.171 0.550 0.261
-3.212 -0.933 0.761 0.658
-22.904 -2.822 1.168 0.506
30.213 -4.704 0.684 0.620
-18.719 -3.142 0.154 0.230
-15.121 0.044 0.661 0.520
15.829 -4.380 0.641 0.371
38.587 -2.631 0.880 0.204
11.827 -0.553 -0.082 0.769
3.442 1.680 0.524 0.736
-29.866 -0.341 0.390 0.721
-16.421 2.711 1.192 0.803
-2.328 4.857 0.001 0.824
2.516 0.788 1.069 0.799
-25.326 -2.967 0.063 0.651
4.691 -1.197 0.022 0.581
14.509 4.573 0.735 0.611
18.668 -2.282 1.216 0.810
14.468 4.422 1.312 0.254
1.576 -5.712 0.960 0.622
36.967 -2.176 0.315 0.249
-3.451 2.603 0.663 0.266
6.652 4.372 1.022 0.237
-0.271 -0.215 1.294 0.538
-1.354 1.838 1.167 0.373
25.110 3.391 0.208 0.654
-18.886 -4.096 -0.071 0.389
36.405 5.104 1.448 0.814
-28.479 4.066 0.107 0.873
2.690 -1.103 1.031 0.754
-36.323 4.604 -0.068 0.894
-24.325 1.579 0.628 0.352
19.871 1.673 0.952 0.806
6.613 -3.581 0.524 0.339
-26.887 -1.185 0.857 0.822
-39.027 -3.727 0.412 0.769
23.746 1.802 0.543 0.359
22.016 4.518 0.877 0.666
-17.666 -3.297 0.735 0.831
10.084 -5.361 0.342 0.775
9.047 -1.580 0.909 0.709
-14.353 -2.086 0.263 0.580
23.947 -5.502 0.477 0.494
-31.113 -5.256 1.319 0.215
-29.384 3.927 -0.039 0.322
16.932 -0.602 1.285 0.523
33.100 -2.093 0.275 0.449
25.362 -2.266 0.145 0.634
-18.107 -0.774 0.766 0.477
18.076 -5.412 0.391 0.348
-11.928 -5.795 0.911 0.576
-10.243 -1.316 0.866 0.296
38.926 5.028 0.363 0.762
32.786 1.591 1.439 0.766
-33.371 1.243 0.349 0.252
-14.514 2.071 1.269 0.544
37.890 -5.729 0.631 0.325
-23.499 4.841 1.387 0.645
-39.891 2.414 1.230 0.863
-31.710 0.005 0.294 0.250
19.929 -5.214 1.057 0.740
32.282 -4.405 1.090 0.266
1.377 1.132 1.141 0.532
10.056 -0.565 1.108 0.218
31.614 0.093 1.490 0.487
-21.971 5.689 0.464 0.668
-26.262 3.932 0.377 0.390
-6.350 -5.531 0.328 0.424
-20.873 2.794 1.113 0.782
-39.028 -4.729 1.212 0.377
-27.844 -0.419 0.591 0.286
-32.698 5.303 1.410 0.795
34.016 -4.585 1.487 0.382
37.069 -0.382 0.656 0.331
26.912 1.701 0.264 0.458
-22.514 4.401 1.065 0.339
-28.433 -4.409 0.053 0.654
-17.226 1.478 0.406 0.892
-6.951 0.361 1.427 0.560
11.551 -2.366 0.972 0.780
-2.961 5.363 0.395 0.708
-23.989 -2.219 0.738 0.449
-16.950 0.707 0.151 0.728
-34.779 4.037 1.427 0.245
30.091 -4.957 0.546 0.762
-0.744 0.471 0.769 0.856
27.672 -2.658 1.043 0.397
-27.069 3.578 -0.043 0.731
19.610 -0.988 1.226 0.452
-4.251 2.286 0.841 0.748
-6.034 -4.740 1.431 0.466
14.858 -0.537 1.358 0.367
24.936 -2.757 1.255 0.826
12.145 3.219 0.254 0.526
5.067 -4.107 0.040 0.431
0.788 -0.786 0.604 0.526
-38.046 0.602 1.068 0.282
17.216 -4.291 0.708 0.518
39.323 5.339 0.955 0.400
13.831 4.225 0.212 0.626
19.873 -1.031 1.109 0.595
-5.655 2.851 0.827 0.664
21.317 4.588 0.474 0.290
33.743 -0.785 0.618 0.826
-33.077 2.457 0.577 0.523
7.158 0.417 0.058 0.767
-6.326 -2.253 0.240 0.636
-19.185 -2.172 1.292 0.648
38.799 -5.787 1.394 0.563
-1.220 1.193 1.466 0.494
21.734 5.423 1.017 0.601
-16.457 3.550 1.360 0.283
15.477 3.610 0.325 0.611
14.372 -3.306 0.260 0.465
26.231 -3.906 0.692 0.488
24.998 -3.219 1.403 0.880
-23.123 -2.021 1.262 0.649
-2.042 5.430 1.401 0.862
17.499 2.159 1.437 0.854
8.970 -5.336 0.091 0.475
-21.016 -5.632 1.364 0.878
28.683 4.082 -0.068 0.619
-22.581 0.970 0.532 0.463
18.206 4.674 0.050 0.879
-9.833 -4.438 0.533 0.364
-5.666 -5.497 1.120 0.488
-25.578 4.977 1.234 0.541
39.044 4.798 0.709 0.310
-25.923 3.472 0.892 0.888
9.652 1.220 0.180 0.832
4.507 1.182 0.075 0.464
24.772 -2.151 0.534 0.685
-30.187 -0.826 1.106 0.855
-22.202 -4.871 0.187 0.292
-0.468 1.783 0.389 0.653
2.948 0.866 0.314 0.897
-2.232 -1.934 0.337 0.308
30.096 4.509 0.999 0.544
30.200 4.707 0.075 0.448
-20.410 -0.192 0.607 0.758
-18.853 1.494 0.601 0.801
21.227 -1.588 1.069 0.319
27.424 1.481 0.326 0.440
34.115 0.085 1.009 0.863
-37.063 -4.818 -0.003 0.346
-34.764 2.685 1.225 0.769
9.834 4.637 0.792 0.627
16.368 -4.567 0.004 0.406
30.971 -3.360 0.301 0.853
-15.745 -2.906 0.585 0.783
-23.687 -2.827 1.179 0.668
25.424 4.842 0.847 0.243
19.696 -5.448 0.867 0.378
26.867 -5.781 0.581 0.761
-33.053 5.535 1.199 0.377
13.989 -2.230 0.978 0.269
26.808 0.941 1.486 0.779
-4.232 2.220 1.038 0.323
4.139 5.278 0.868 0.621
-19.043 0.400 0.391 0.627
9.604 -3.710 1.232 0.649
38.739 -2.460 0.715 0.864
25.939 -0.359 1.341 0.491
25.071 3.960 1.337 0.513
37.116 -0.660 0.067 0.564
-22.654 -1.647 0.977 0.292
38.168 5.278 1.418 0.799
9.734 -0.799 0.700 0.688
-22.458 3.761 0.333 0.273
-20.148 -2.921 -0.077 0.249
-17.788 -5.725 0.675 0.559
3.888 -0.818 0.158 0.260
27.122 -0.375 1.009 0.587
6.902 -4.656 0.775 0.786
-7.395 3.401 1.203 0.307
9.124 5.652 0.741 0.632
-9.896 -0.116 1.327 0.708
-32.781 -3.585 0.215 0.316
-32.085 -5.006 0.292 0.794
-26.232 -2.563 0.401 0.316
11.899 -4.813 1.093 0.724
-26.058 5.857 0.741 0.578
-19.946 -3.637 0.645 0.455
0.619 -5.085 1.339 0.372
-33.344 -4.260 1.342 0.759
18.410 -0.297 1.219 0.235
-2.024 2.925 1.265 0.805
-17.727 -2.624 0.200 0.703
24.133 -2.422 0.522 0.280
26.936 -2.298 1.206 0.826
-30.361 0.436 0.527 0.380
33.355 -2.819 0.220 0.741
-7.002 -0.045 0.566 0.454
21.855 2.539 1.379 0.423
26.683 4.148 0.126 0.647
-10.072 -4.267 0.337 0.471
39.019 -0.617 1.142 0.562
-13.765 -2.535 0.740 0.271
-5.867 2.309 0.803 0.377
-18.785 -4.055 0.883 0.679
-26.318 4.250 -0.020 0.502
1.624 -4.711 0.760 0.805
-33.558 -0.996 0.412 0.600
3.387 2.511 0.867 0.700
14.910 -1.363 1.114 0.474
-17.875 3.596 0.442 0.823
7.095 1.591 0.652 0.747
28.455 -5.337 0.472 0.370
28.464 4.614 1.171 0.344
14.953 -0.915 1.035 0.284
-34.137 3.010 0.683 0.736
-7.078 3.972 0.781 0.771
36.735 -3.583 0.612 0.879
9.708 -3.555 0.577 0.450
22.734 -5.359 1.090 0.864
29.783 -2.408 0.951 0.841
17.783 3.137 0.523 0.719
19.734 4.619 0.404 0.409
9.524 5.991 0.629 0.644
11.309 4.944 1.404 0.629
28.686 0.789 1.186 0.884
2.790 -0.132 1.106 0.365
-0.402 4.714 0.501 0.246
1.716 -2.760 1.042 0.729
27.721 5.444 0.871 0.877
-23.163 -3.777 0.747 0.783
-32.396 0.412 -0.090 0.634
-21.755 2.184 0.797 0.645
-7.140 -2.189 0.072 0.240
15.686 3.726 0.145 0.335
-24.140 3.335 1.202 0.867
8.682 2.539 -0.085 0.807
18.973 -3.399 0.263 0.652
25.783 -3.941 1.250 0.388
21.585 -3.642 1.136 0.608
-23.298 0.258 1.386 0.228
25.461 5.820 -0.019 0.455
-1.238 3.607 1.479 0.512
-12.942 1.554 0.178 0.639
-29.936 -4.248 0.015 0.876
0.618 5.145 0.176 0.460
35.541 -0.297 -0.044 0.576
-28.080 2.627 0.725 0.445
-29.353 0.191 0.592 0.861
33.522 3.820 0.498 0.456
20.895 4.215 1.164 0.587
-17.709 -4.143 0.427 0.364
16.845 4.868 0.584 0.388
-29.303 -2.207 1.262 0.840
-6.232 -5.785 1.138 0.483
4.166 4.335 0.919 0.335
7.859 -2.037 0.685 0.624
19.134 -1.223 1.108 0.494
33.700 -1.929 1.417 0.726
-16.294 4.865 0.860 0.890
-30.583 0.516 1.487 0.802
-18.456 1.364 0.740 0.616
32.906 5.785 0.379 0.723
-6.356 -0.424 0.501 0.520
22.265 4.908 0.227 0.700
-32.982 -5.645 -0.070 0.251
-5.874 3.844 0.607 0.463
-23.294 2.377 -0.041 0.577
-13.474 1.565 -0.063 0.597
-29.736 -2.466 0.505 0.707
35.083 -2.779 -0.089 0.334
-34.932 0.788 0.347 0.473
33.997 -1.298 0.504 0.658
-30.712 -3.940 0.900 0.716
29.619 5.070 -0.003 0.783
-35.194 5.245 1.165 0.534
-10.929 -4.912 1.119 0.620
25.171 -5.740 0.806 0.538
-39.859 5.054 1.489 0.832
-35.741 -3.437 1.185 0.358
-25.563 -1.608 0.680 0.289
-23.545 0.621 0.001 0.866
-9.469 -2.947 1.054 0.319
1.086 -2.699 0.631 0.421
-15.032 -4.297 1.361 0.714
-24.665 -3.237 0.023 0.647
6.035 3.897 0.869 0.814
10.883 -5.010 1.260 0.481
-16.861 -5.479 0.575 0.520
10.366 5.499 0.072 0.897
-20.707 -3.369 0.357 0.780
-6.955 0.531 1.359 0.745
17.779 2.607 0.235 0.393
35.969 3.235 0.795 0.246
12.387 1.703 0.827 0.282
-16.766 4.049 0.408 0.459
0.815 5.700 1.492 0.794
16.653 -3.195 1.179 0.893
21.358 3.767 -0.048 0.267
30.463 1.617 0.078 0.844
33.037 4.396 0.297 0.306
-31.722 -4.414 1.086 0.545
-11.302 -1.474 0.511 0.368
-28.062 3.025 0.550 0.545
24.460 -4.520 0.782 0.443
1.151 5.820 0.007 0.344
-39.371 -3.592 0.231 0.507
38.273 -3.029 0.466 0.641
31.185 -4.471 1.153 0.734
-16.098 4.221 1.392 0.207
2.683 4.296 0.844 0.786
36.191 -3.220 -0.008 0.349
28.118 -2.155 0.725 0.873
25.828 -0.321 1.122 0.309
22.390 -5.159 0.410 0.787
-22.900 1.419 1.340 0.299
14.356 4.012 0.117 0.571
8.650 3.122 -0.020 0.873
4.017 -3.612 0.269 0.328
-22.320 5.200 0.412 0.201
27.708 -0.590 0.357 0.788
38.120 -3.352 1.462 0.531
33.851 2.315 0.232 0.328
38.007 -4.660 1.294 0.364
-4.068 -2.013 1.264 0.217
-25.860 3.730 0.271 0.341
9.328 -2.116 0.379 0.353
6.110 1.459 0.325 0.465
34.460 1.930 1.346 0.671
34.828 -1.327 0.364 0.422
20.291 3.888 0.568 0.417
37.682 1.675 1.316 0.579
-33.851 -5.473 1.315 0.801
30.563 2.559 1.449 0.265
14.901 -2.746 0.484 0.816
-10.506 3.993 0.170 0.392
26.102 4.968 0.787 0.511
30.013 2.077 0.741 0.714
-3.292 3.981 0.700 0.558
30.564 5.187 0.581 0.330
10.270 -2.108 -0.056 0.360
19.268 -5.013 0.353 0.327
11.295 -4.036 0.672 0.788
26.549 1.413 0.342 0.483
0.052 0.251 -0.089 0.204
-27.042 3.383 0.551 0.429
-27.979 -4.327 0.421 0.450
17.899 -1.939 1.303 0.377
-31.704 -1.387 0.285 0.678
17.534 1.576 0.632 0.201
-39.385 -5.069 0.771 0.324
-24.893 -3.038 0.096 0.503
21.165 4.247 0.675 0.522
37.189 2.725 0.247 0.318
33.358 3.759 0.476 0.771
9.148 3.214 0.644 0.552
-14.836 -2.215 0.068 0.527
-31.205 -4.531 0.046 0.784
19.676 4.217 1.477 0.676
36.849 1.178 0.511 0.280
25.293 -3.167 0.002 0.616
-0.557 -3.676 -0.081 0.256
27.999 -4.308 1.425 0.459
-17.259 5.573 0.878 0.345
-22.459 -4.894 0.100 0.608
-15.697 -1.932 0.690 0.237
13.339 -3.143 1.193 0.868
-27.368 -5.302 0.727 0.608
30.352 -1.524 0.093 0.466
-21.086 5.630 0.945 0.678
5.070 0.510 0.384 0.281
-35.750 -0.651 0.595 0.324
-6.751 1.961 0.332 0.662
-10.273 -4.763 0.882 0.227
-19.782 5.086 0.487 0.540
34.504 3.784 0.843 0.296
-0.524 3.735 0.370 0.726
22.359 4.772 1.352 0.803
21.079 -5.273 1.190 0.408
13.395 -3.033 0.711 0.461
35.747 -3.504 1.237 0.850
3.050 -4.357 0.339 0.812
19.804 -1.735 0.441 0.567
-16.111 -0.474 0.040 0.590
-2.328 0.468 0.670 0.428
-26.281 -3.080 0.909 0.704
-37.687 -0.235 0.676 0.780
24.252 -1.679 0.635 0.393
-0.170 4.905 0.740 0.809
-1.778 -4.357 -0.043 0.334
9.982 -5.876 0.087 0.600
39.996 -1.504 0.005 0.812
-0.705 5.482 0.403 0.337
-31.120 -1.036 1.189 0.780
22.584 -3.816 0.191 0.799
-14.856 -3.182 0.721 0.686
25.858 3.880 0.693 0.744
35.127 5.485 0.859 0.275
-19.278 0.905 -0.003 0.576
-33.574 -1.108 0.511 0.307
-22.651 -5.675 0.328 0.854
-23.445 -2.433 0.590 0.360
7.882 -3.270 1.460 0.363
-16.297 2.858 0.258 0.445
20.515 -3.950 1.076 0.827
-29.597 2.549 0.760 0.518
21.007 1.773 0.585 0.433
12.331 4.408 0.806 0.308
7.931 5.379 1.388 0.795
38.143 -4.489 0.488 0.758
33.604 -1.131 1.108 0.283
35.765 -5.739 0.802 0.575
-11.919 5.381 0.917 0.325
15.328 2.828 1.181 0.832
-1.504 -1.359 0.824 0.878
-26.207 5.541 0.009 0.424
-29.998 5.044 -0.016 0.357
6.644 -5.736 0.631 0.233
-18.032 2.583 1.468 0.591
-21.298 -5.641 0.042 0.284
-10.182 5.489 1.020 0.760
18.609 4.353 0.342 0.279
-14.204 -3.742 1.193 0.770
-0.612 5.267 0.378 0.553
7.127 3.751 1.463 0.285
-30.464 -2.115 1.055 0.375
19.693 1.493 1.483 0.578
39.738 4.765 0.500 0.553
-7.827 -5.249 0.648 0.360
36.131 1.494 0.220 0.250
-9.427 -5.854 0.417 0.535
-11.290 4.345 0.123 0.767
19.150 0.404 0.334 0.886
-5.295 4.276 0.945 0.578
35.003 -1.584 0.435 0.454
-35.720 -3.303 0.300 0.839
23.718 -4.361 1.101 0.339
8.790 -0.537 0.135 0.480
-31.204 -3.297 0.449 0.481
-32.468 -4.694 1.189 0.364
2.686 -3.627 1.102 0.256
-10.232 -0.107 0.187 0.553
25.009 0.156 0.927 0.489
15.760 -5.533 0.432 0.329
-35.587 2.028 1.149 0.697
-7.243 5.403 1.234 0.556
23.765 4.265 0.604 0.778
38.175 -2.238 0.832 0.672
30.615 -0.987 0.672 0.506
39.906 -3.366 1.005 0.426
-14.225 -2.877 0.707 0.615
-39.062 1.108 1.144 0.695
25.006 -0.767 1.233 0.386
18.679 1.844 0.392 0.587
23.835 -2.644 1.223 0.609
-2.322 2.351 0.088 0.268
27.888 -0.474 0.585 0.885
29.845 -2.095 0.144 0.451
-33.658 5.949 0.340 0.713
4.939 -0.357 1.408 0.574
23.347 -5.380 1.433 0.749
0.108 5.956 0.707 0.382
-4.619 1.712 0.525 0.744
-14.276 -2.352 0.811 0.665
4.565 -5.823 1.116 0.206
-27.192 -2.280 0.941 0.601
-24.715 -5.145 1.280 0.418
29.429 -2.995 0.415 0.834
32.162 0.313 0.128 0.245
-13.621 -5.261 0.865 0.775
1.660 1.071 0.450 0.792
27.457 2.618 0.582 0.240
-31.718 2.252 0.117 0.232
-8.417 -3.086 1.377 0.430
8.868 -3.431 0.988 0.427
-21.811 4.454 0.238 0.220
10.264 3.575 1.161 0.493
0.230 4.669 0.985 0.694
22.766 4.271 0.119 0.795
23.309 4.034 1.482 0.230
4.074 -1.568 1.243 0.885
-4.940 2.854 0.283 0.758
16.718 -0.773 1.147 0.463
4.479 -5.692 -0.025 0.836
1.139 -5.669 0.622 0.374
21.213 3.951 1.183 0.257
31.948 5.638 0.422 0.626
-7.799 -0.302 -0.004 0.221
-5.824 -4.740 1.026 0.389
-5.672 -3.817 1.284 0.818
35.339 -5.903 0.551 0.851
21.256 -5.737 1.230 0.392
-35.903 -5.221 1.325 0.663
16.216 1.640 -0.096 0.753
14.754 -4.748 -0.083 0.249
24.308 3.225 1.172 0.490
-12.036 -1.260 0.982 0.629
-22.254 4.957 1.101 0.456
12.679 1.056 0.106 0.830
3.585 5.484 0.122 0.380
39.700 5.670 0.929 0.780
-9.561 4.187 1.007 0.355
-26.335 1.168 1.067 0.481
-11.365 3.002 0.067 0.247
17.092 -0.247 1.105 0.265
38.419 3.641 0.850 0.755
28.769 2.287 -0.050 0.703
-29.746 3.447 0.665 0.223
-7.588 -3.410 0.226 0.667
-18.498 2.841 0.476 0.855
-12.226 -4.516 0.985 0.652
35.631 -1.731 0.549 0.233
-16.705 3.484 0.549 0.536
-23.117 4.634 1.033 0.858
14.335 -4.976 0.102 0.390
3.576 4.672 0.364 0.403
-29.966 -4.727 0.752 0.375
-3.209 -1.024 1.229 0.376
-34.831 -4.977 1.278 0.408
-3.933 3.776 1.426 0.546
1.915 2.682 0.517 0.226
-1.910 3.515 1.381 0.417
24.874 1.423 1.318 0.575
34.643 2.100 0.760 0.686
13.760 -1.142 0.151 0.804
3.903 -2.406 0.471 0.315
-15.794 -2.047 -0.017 0.250
0.804 -1.147 0.679 0.345
-21.643 -1.223 0.516 0.351
3.518 -3.719 0.707 0.813
23.592 1.466 0.988 0.533
27.978 -5.224 1.037 0.594
31.218 -3.939 0.962 0.230
20.567 0.751 1.140 0.429
1.724 -4.462 1.337 0.758
-37.458 5.558 0.675 0.580
33.296 -1.855 0.802 0.542
-23.760 -5.432 1.138 0.709
-9.124 -4.371 -0.019 0.639
-38.616 -4.387 0.679 0.680
-4.169 -1.738 1.245 0.828
-10.405 2.272 1.266 0.701
14.856 4.661 -0.027 0.348
33.463 -3.573 1.364 0.699
35.766 4.266 0.462 0.420
35.884 -1.818 1.070 0.837
-16.830 1.817 1.322 0.577
-28.178 1.248 0.697 0.418
24.406 -2.288 0.526 0.276
34.596 -1.450 0.128 0.509
-32.454 2.353 0.324 0.304
33.286 -2.321 1.444 0.650
7.158 0.295 1.044 0.873
-25.769 2.764 1.013 0.696
-13.900 -5.957 -0.087 0.455
32.564 2.565 1.481 0.712
-2.544 -4.735 1.390 0.330
-25.852 3.155 1.183 0.766
13.574 4.712 0.921 0.478
28.629 1.915 0.852 0.416
7.398 5.843 0.503 0.200
-14.456 0.115 1.285 0.748
14.212 2.378 0.157 0.244
8.872 -3.974 0.565 0.785
-6.814 5.576 1.296 0.824
24.473 -5.670 0.664 0.454
-13.861 -5.783 0.722 0.788
-10.507 -0.331 0.482 0.747
-5.219 -1.435 1.154 0.350
-24.938 1.524 0.600 0.395
17.526 4.324 0.999 0.559
20.095 1.872 0.065 0.530
0.075 -2.425 0.745 0.806
7.076 4.188 0.419 0.431
22.988 -2.467 0.747 0.652
2.770 0.109 -0.031 0.661
24.589 0.460 1.434 0.280
16.485 -1.049 0.650 0.583
-34.245 4.989 0.235 0.868
31.205 5.103 1.217 0.434
9.766 3.434 -0.005 0.384
9.286 -2.875 0.093 0.484
-6.063 2.387 1.396 0.824
-31.074 1.006 1.466 0.446
38.380 -3.096 -0.020 0.871
-8.990 -3.299 0.223 0.514
8.237 2.765 0.311 0.487
13.813 3.033 1.126 0.638
-35.307 -3.206 0.573 0.537
-13.843 -0.894 0.990 0.224
4.671 -3.521 0.462 0.474
-16.307 5.544 1.258 0.449
30.227 1.635 0.837 0.877
-19.940 -4.830 1.223 0.523
24.238 -3.658 0.324 0.434
-2.963 -5.804 1.340 0.451
-7.010 -5.510 0.732 0.232
-21.939 4.235 0.578 0.599
-1.560 2.731 1.193 0.440
-36.436 -0.879 0.535 0.572
-39.359 -5.035 1.045 0.534
6.378 -5.292 0.316 0.558
5.080 3.679 1.022 0.452
9.794 -1.809 0.266 0.379
-14.017 -1.230 0.697 0.496
-13.182 5.986 0.795 0.870
34.449 2.743 -0.038 0.206
21.949 -5.027 1.406 0.581
-7.528 -4.732 1.495 0.486
13.334 1.253 0.915 0.424
-18.198 3.719 1.422 0.496
-38.997 -4.326 0.378 0.365
-22.570 -0.860 1.156 0.352
22.364 1.842 1.273 0.456
5.100 -0.538 0.166 0.469
-6.029 5.762 0.462 0.740
-33.546 1.096 1.249 0.619
-38.269 4.743 0.085 0.265
-21.820 4.843 1.480 0.693
-37.694 0.858 0.302 0.627
13.648 -3.421 1.367 0.588
-16.504 -4.656 1.315 0.341
0.064 0.924 1.263 0.215
-29.937 1.881 0.912 0.564
23.176 0.853 0.149 0.890
-28.909 -5.474 1.344 0.571
6.149 -2.856 0.105 0.517
-15.218 5.525 0.349 0.297
-5.970 2.411 1.213 0.365
-24.807 3.166 0.717 0.262
-37.490 -3.691 0.874 0.731
4.402 -3.221 1.378 0.850
12.275 -5.670 1.478 0.687
13.546 5.417 0.648 0.487
-31.131 -4.912 0.033 0.388
14.185 -1.790 0.682 0.212
-30.081 -5.322 1.361 0.882
-6.952 5.886 0.635 0.460
-24.559 -5.166 -0.025 0.237
8.599 1.523 0.262 0.504
-11.177 -1.995 0.211 0.321
-7.392 -1.433 1.036 0.807
25.766 -4.381 1.166 0.766
-16.974 0.137 0.142 0.512
1.384 -5.452 1.259 0.206
-13.776 5.855 0.378 0.891
1.848 0.770 0.297 0.245
2.460 2.182 1.299 0.803
23.121 0.079 1.367 0.789
27.493 -1.492 0.199 0.638
-33.197 -4.162 0.078 0.556
19.399 -2.797 0.268 0.596
20.097 -0.356 0.799 0.414
0.356 -1.808 1.276 0.856
-13.395 -5.603 -0.065 0.418
-30.342 -4.625 0.647 0.382
-11.588 2.512 0.884 0.303
6.462 -0.464 0.462 0.795
-8.813 4.336 0.752 0.588
-16.401 -2.533 1.283 0.605
-35.926 -5.731 -0.075 0.608
29.277 5.585 1.359 0.289
8.006 -5.970 1.198 0.309
-34.597 2.702 0.282 0.462
-33.482 0.563 0.728 0.328
-2.096 -5.416 0.265 0.881
-19.914 -5.416 1.439 0.603
-15.674 -1.169 1.155 0.687
-0.412 5.301 0.165 0.712
29.214 -2.335 0.317 0.765
5.655 -3.419 -0.022 0.406
-9.919 -4.875 0.213 0.714
-33.764 2.709 1.253 0.523
-34.777 -4.734 1.465 0.524
-11.158 -4.951 1.086 0.828
-5.291 4.900 1.101 0.300
7.051 -5.765 0.763 0.437
27.066 -4.303 1.188 0.614
19.670 -0.209 0.284 0.685
19.140 -5.264 0.348 0.856
1.369 5.981 0.730 0.638
5.888 -5.395 1.381 0.323
21.268 -3.136 0.636 0.351
-11.940 2.222 0.092 0.894
-11.685 -5.350 0.422 0.274
-21.909 0.859 0.073 0.595
-16.675 3.561 1.368 0.398
-20.191 -0.414 0.497 0.639
-36.366 -0.492 0.166 0.621
37.046 -1.618 0.751 0.832
7.218 -0.676 0.348 0.336
-26.862 3.974 0.951 0.653
4.278 -5.811 0.415 0.525
20.482 3.975 1.130 0.839
-33.724 -1.894 1.364 0.863
-7.190 0.819 -0.005 0.611
26.884 -0.036 0.787 0.483
-19.400 -0.170 0.271 0.664
-33.164 0.407 1.343 0.793
4.430 5.014 1.315 0.485
32.992 4.852 0.911 0.758
21.303 -2.123 0.023 0.863
7.841 -5.055 -0.021 0.731
-13.743 2.084 1.423 0.280
-39.183 5.606 0.003 0.400
7.330 5.246 0.910 0.540
-25.953 0.877 1.147 0.323
24.923 5.682 1.331 0.757
7.919 -2.618 0.926 0.476
-33.435 5.254 0.728 0.708
-20.811 1.504 0.662 0.361
-28.004 -4.251 0.864 0.673
2.203 -1.316 1.146 0.898
23.173 -0.631 0.986 0.359
9.117 -1.834 -0.066 0.271
31.851 -4.946 1.102 0.872
-3.630 2.003 0.768 0.427
2.294 1.991 0.507 0.359
-13.411 0.265 0.195 0.406
-12.161 2.605 0.460 0.847
-19.734 1.840 0.803 0.721
-35.829 1.894 0.839 0.436
36.313 0.022 -0.008 0.247
-26.987 -4.075 0.795 0.240
15.703 -4.342 1.110 0.257
13.692 1.111 0.751 0.334
7.315 -1.776 0.833 0.631
22.453 -1.946 1.271 0.434
-34.125 -3.611 1.021 0.358
32.142 -5.772 0.369 0.698
-35.962 -3.538 0.624 0.468
-20.152 4.985 0.532 0.500
-39.668 0.099 0.366 0.396
-5.349 -5.181 1.493 0.789
-26.907 0.143 0.640 0.540
13.830 3.207 -0.018 0.220
-21.176 -4.392 1.044 0.597
-28.697 -4.988 0.275 0.655
37.451 0.753 1.035 0.876
-20.386 2.649 1.295 0.820
-34.602 -0.114 0.691 0.857
20.554 -1.314 1.461 0.304
20.008 0.905 1.134 0.446
-0.034 0.596 1.439 0.366
28.991 2.028 0.765 0.669
-34.315 -2.141 0.979 0.353
10.753 1.079 0.223 0.768
-32.995 -2.972 0.038 0.836
-34.407 -1.563 1.174 0.230
-17.145 2.276 0.640 0.710
-37.839 3.919 1.244 0.691
28.605 -0.820 0.913 0.383
-6.544 3.980 1.489 0.832
-38.754 4.090 0.088 0.296
21.595 1.420 1.480 0.782
13.375 -4.074 0.398 0.228
-12.646 4.650 0.064 0.433
-14.562 3.342 0.709 0.766
-18.058 -2.385 0.989 0.826
34.099 -4.493 0.013 0.255
29.153 -1.765 0.411 0.457
-25.498 1.749 1.268 0.485
19.837 2.496 0.774 0.333
-11.223 1.240 -0.089 0.276
-13.437 1.234 1.403 0.236
-14.108 4.977 0.217 0.496
-5.162 0.345 0.844 0.574
23.317 -2.295 0.681 0.425
3.768 2.411 0.064 0.460
20.317 2.933 1.492 0.812
-6.487 5.455 0.063 0.885
-28.114 2.219 0.359 0.836
-7.065 -3.438 0.144 0.779
34.830 2.312 0.670 0.457
5.630 -1.706 1.041 0.310
12.037 2.885 1.074 0.499
-20.017 4.526 0.632 0.612
-26.069 -0.874 0.693 0.406
-22.807 -1.650 1.244 0.217
25.024 -2.500 0.757 0.410
-30.624 -1.828 0.059 0.457
-28.688 -1.549 0.001 0.856
-9.466 0.830 0.895 0.372
-27.719 4.522 0.294 0.690
6.637 0.050 1.496 0.768
20.845 -4.446 1.001 0.757
-0.248 -3.126 0.203 0.875
22.864 -5.935 0.889 0.302
-21.302 0.051 0.444 0.550
36.193 0.287 -0.096 0.344
14.779 2.068 0.854 0.741
-9.032 -3.284 0.515 0.691
19.300 2.546 0.005 0.276
-35.947 2.305 0.796 0.310
12.996 -2.977 0.451 0.401
-22.783 -5.414 1.087 0.511
-37.749 -2.298 0.708 0.821
-31.848 5.301 0.816 0.448
-6.136 -3.574 0.805 0.470
37.451 -2.941 -0.053 0.482
15.598 1.075 0.195 0.658
-32.000 0.349 0.202 0.711
9.744 -2.629 0.313 0.408
-0.301 3.376 0.934 0.642
-3.385 -4.423 0.455 0.899
-32.812 3.159 0.517 0.551
-22.998 -4.304 1.076 0.449
18.474 3.270 0.081 0.641
-25.059 5.251 0.877 0.249
8.753 -0.187 0.698 0.804
-9.889 -3.440 1.395 0.316
-6.963 -0.314 0.665 0.216
27.866 1.115 0.780 0.607
-32.540 2.668 0.506 0.840
-18.262 -4.072 0.317 0.202
-12.373 -4.763 1.005 0.618
27.500 2.260 0.686 0.653
-7.407 1.185 0.170 0.289
0.894 4.466 0.579 0.355
10.126 4.322 0.545 0.850
-26.673 4.089 0.793 0.302
-29.094 1.851 0.786 0.704
4.923 -4.894 -0.083 0.480
-33.747 -3.378 1.393 0.842
-24.752 -3.536 0.953 0.733
-27.251 -4.075 0.775 0.479
7.662 -3.653 0.601 0.834
7.176 3.141 0.003 0.346
-19.226 1.854 0.469 0.629
-32.802 0.922 0.400 0.880
-37.149 3.695 1.265 0.408
-10.075 1.359 0.978 0.636
10.731 -2.486 0.473 0.597
9.621 -0.809 0.231 0.522
17.025 -3.109 -0.019 0.656
-6.143 -5.786 0.111 0.769
2.387 1.594 1.239 0.747
-34.726 -4.197 1.304 0.761
-28.256 -3.544 0.893 0.415
0.977 -2.777 1.200 0.236
-4.692 2.314 0.744 0.796
-24.804 1.813 0.381 0.635
-22.411 -1.261 0.661 0.581
12.235 -4.300 0.028 0.577
-7.518 -0.283 1.168 0.769
37.276 -1.517 1.377 0.325
-24.675 0.840 0.557 0.510
38.899 -3.386 1.369 0.571
3.196 -0.813 0.190 0.649
21.392 -2.642 0.613 0.383
-14.007 0.180 1.011 0.327
-7.488 4.845 -0.055 0.365
38.856 5.697 1.213 0.504
-11.415 5.618 0.865 0.631
12.468 -0.322 0.713 0.287
-18.726 3.892 1.316 0.388
-17.737 4.914 0.402 0.313
10.190 5.592 1.178 0.573
-36.783 -0.430 1.348 0.428
1.795 3.314 1.135 0.656
20.857 3.934 0.487 0.234
-6.948 -5.189 0.707 0.257
-6.150 2.689 0.764 0.494
-16.904 -5.926 0.410 0.471
23.574 5.443 0.452 0.645
29.717 5.276 0.754 0.606
11.979 -4.377 0.043 0.648
-20.903 -4.206 0.735 0.457
-19.170 0.402 0.068 0.499
19.802 3.866 1.095 0.850
5.316 -3.395 -0.036 0.446
5.933 2.004 0.513 0.303
24.132 1.634 0.040 0.486
31.289 5.913 0.033 0.885
-10.249 2.669 1.038 0.407
9.761 0.801 -0.029 0.215
-21.746 -1.330 1.392 0.364
1.982 5.702 1.155 0.609
-19.525 2.725 1.104 0.498
36.000 -4.473 0.698 0.457
38.036 5.460 0.317 0.811
17.007 4.732 0.563 0.496
0.468 1.004 0.411 0.514
27.240 4.238 1.187 0.244
-8.576 -1.614 0.371 0.868
-32.679 -1.936 1.479 0.601
3.730 2.647 0.503 0.548
-9.159 -3.353 1.335 0.326
18.848 -5.596 -0.085 0.641
18.021 1.184 0.246 0.200
-21.882 3.070 0.246 0.674
-1.509 -4.085 0.784 0.246
37.865 1.795 0.816 0.880
-13.587 0.867 0.664 0.548
-14.134 -3.497 1.382 0.720
-4.087 0.471 0.375 0.537
-37.901 -2.863 0.266 0.208
24.280 -0.245 0.053 0.469
-35.276 -0.353 0.862 0.449
29.370 4.339 1.121 0.299
-2.516 -3.235 0.818 0.730
-3.937 -5.175 -0.025 0.551
-0.188 -4.583 0.268 0.714
15.690 1.143 0.067 0.312
28.097 -0.501 0.173 0.672
-34.804 -1.973 0.097 0.815
2.683 -4.447 0.041 0.236
21.458 -2.664 0.056 0.296
35.335 -3.974 0.817 0.809
-0.002 -4.839 0.841 0.657
17.064 1.263 1.264 0.343
0.785 0.670 0.486 0.772
-16.812 4.762 1.193 0.277
20.807 5.161 0.198 0.663
36.562 0.585 0.261 0.872
-35.982 -3.574 1.083 0.236
-35.644 -5.444 1.188 0.730
4.227 1.010 0.466 0.563
21.015 -3.440 1.373 0.351
7.452 -2.343 0.231 0.720
-16.832 -2.082 1.265 0.402
20.965 1.821 0.631 0.591
12.685 -3.337 1.374 0.209
15.072 5.754 0.163 0.883
-9.238 4.555 0.203 0.428
20.701 -2.899 1.248 0.758
-9.726 2.745 0.015 0.713
-35.961 -1.971 0.133 0.462
7.829 1.465 -0.012 0.858
15.948 5.234 0.141 0.870
39.339 1.646 0.186 0.329
29.470 0.186 1.286 0.628
7.047 0.344 1.135 0.814
-26.051 -0.206 1.056 0.636
0.383 2.234 0.900 0.447
-34.587 -3.718 1.361 0.746
28.129 1.698 0.025 0.672
-12.441 -5.400 0.109 0.683
-27.011 4.549 0.381 0.488
39.897 0.720 0.197 0.699
0.636 3.573 1.146 0.803
-37.811 -4.378 1.493 0.761
6.370 3.577 1.093 0.792
32.294 2.470 0.058 0.803
34.181 0.840 1.329 0.576
-32.187 0.448 0.359 0.288
10.803 0.074 0.544 0.672
-32.917 -3.997 0.321 0.641
-16.597 1.475 0.443 0.749
-20.005 0.503 0.389 0.849
33.235 -3.148 0.046 0.311
-7.524 3.909 0.179 0.836
10.455 -2.650 1.401 0.584
23.573 -5.328 -0.004 0.872
-17.092 3.327 0.098 0.288
-19.999 0.890 0.683 0.272
-33.620 -1.459 0.890 0.848
-39.944 -3.084 0.665 0.566
31.346 -4.049 0.125 0.643
21.071 -0.550 0.569 0.782
9.388 3.189 0.691 0.856
20.013 0.938 0.310 0.475
-15.244 -5.213 1.282 0.832
-17.965 -4.884 0.670 0.896
8.306 -5.855 -0.027 0.503
-20.986 2.015 0.829 0.494
-10.973 -0.398 0.564 0.643
-7.598 4.577 1.446 0.690
37.036 -0.664 1.104 0.677
20.233 -4.462 1.177 0.624
28.396 -4.016 1.317 0.790
-35.761 -3.269 0.927 0.607
-22.476 -0.796 0.076 0.267
-0.382 2.407 1.055 0.756
1.668 0.767 -0.056 0.212
0.092 -3.205 1.157 0.480
11.544 -1.055 0.818 0.840
-3.465 4.153 0.500 0.773
5.071 -2.517 0.300 0.564
-18.195 -3.250 1.319 0.885
7.795 5.118 0.635 0.900
-1.205 5.490 1.376 0.484
32.227 3.542 0.427 0.877
-22.616 -3.460 0.301 0.480
-11.756 5.863 0.659 0.769
33.861 -5.830 1.465 0.612
-6.501 -2.784 0.730 0.231
23.023 -2.640 1.266 0.618
8.120 5.680 0.832 0.737
17.926 -3.297 1.299 0.596
1.100 -1.027 0.356 0.763
-0.769 0.466 1.160 0.409
31.780 -1.041 0.109 0.278
25.166 3.791 -0.024 0.873
32.383 -0.757 0.806 0.716
-36.136 0.275 0.782 0.739
-20.996 1.977 1.382 0.363
31.458 -2.337 0.121 0.875
-37.743 -2.729 -0.081 0.298
-12.687 2.743 1.239 0.817
12.050 -5.702 0.508 0.713
10.027 -3.931 0.995 0.846
31.414 2.749 0.105 0.831
-15.944 -0.878 0.740 0.423
4.609 0.450 1.345 0.846
-10.624 -2.906 1.248 0.536
-28.604 -2.070 1.095 0.690
7.528 -1.992 -0.081 0.267
-15.868 5.237 0.399 0.885
-9.529 -1.694 0.769 0.470
17.928 2.163 0.764 0.578
18.422 3.486 1.305 0.310
-35.603 -2.547 1.139 0.451
-33.644 -4.921 0.363 0.684
-27.817 4.199 1.187 0.737
-22.861 -3.506 0.325 0.506
39.452 -5.517 1.176 0.480
-3.986 -1.869 0.721 0.827
33.636 0.119 0.837 0.522
4.360 -3.216 0.545 0.272
24.400 5.818 1.072 0.638
-14.924 -3.759 1.388 0.453
-22.072 -5.959 0.581 0.382
15.394 3.372 0.679 0.602
12.617 3.235 0.699 0.468
-31.675 -4.555 0.677 0.214
27.082 0.806 1.438 0.553
-0.302 -0.836 0.862 0.503
16.886 -5.560 1.391 0.569
6.054 -1.100 1.226 0.809
29.192 5.261 0.542 0.650
14.015 3.588 0.449 0.328
-32.900 3.483 0.937 0.642
-8.125 0.410 1.348 0.654
-5.338 -4.305 0.260 0.744
-38.389 4.032 0.639 0.390
-17.427 5.504 0.989 0.272
2.880 1.612 1.157 0.357
21.332 0.285 0.827 0.799
-35.678 2.503 0.184 0.827
-25.694 2.941 0.850 0.510
3.359 3.600 1.266 0.863
14.300 -1.317 1.268 0.225
29.936 -2.763 0.394 0.510
39.838 4.965 0.660 0.479
14.438 -0.319 0.047 0.642
26.677 -4.785 1.109 0.898
-20.433 1.653 1.445 0.616
16.702 1.576 0.280 0.834
-17.162 -4.763 0.219 0.599
26.612 0.933 0.805 0.422
16.874 -3.126 0.054 0.209
23.207 -2.178 -0.041 0.861
-34.282 -0.984 -0.035 0.519
-0.807 5.009 1.484 0.491
-22.914 5.255 0.501 0.533
-10.627 5.107 0.698 0.531
25.002 -2.204 0.031 0.333
-10.442 -4.238 0.580 0.544
7.250 -3.157 0.180 0.492
-35.929 -1.628 1.176 0.281
17.280 -5.085 0.103 0.739
25.865 4.170 0.194 0.869
-11.043 -4.514 0.109 0.692
15.196 -3.275 0.025 0.314
7.995 4.567 1.015 0.840
6.377 0.828 1.489 0.332
26.686 -1.779 1.228 0.431
-37.971 3.544 0.948 0.611
8.448 2.296 0.907 0.624
18.606 1.210 0.603 0.605
38.752 3.752 0.199 0.774
-6.414 -0.712 0.647 0.381
-20.519 -3.480 0.674 0.482
29.313 -5.823 1.305 0.647
-30.076 0.341 0.396 0.778
2.845 -5.989 0.549 0.563
5.045 -3.233 0.145 0.747
7.447 -4.791 1.477 0.375
-4.441 -2.657 1.031 0.607
-8.339 4.867 1.391 0.491
-33.864 -3.901 1.234 0.346
3.023 4.545 0.737 0.414
-22.058 -0.866 1.092 0.210
-30.409 -5.934 0.366 0.288
-29.357 -0.379 1.104 0.777
-9.311 4.455 0.747 0.893
-14.271 4.806 1.099 0.865
-16.430 2.330 -0.038 0.386
-14.621 -5.783 1.378 0.424
-0.048 1.932 1.027 0.561
4.972 -4.650 1.064 0.543
-0.153 1.094 1.363 0.224
-7.262 -2.569 1.233 0.769
-16.662 -3.945 1.398 0.643
-11.561 -1.948 0.700 0.632
12.190 -5.489 -0.013 0.382
-6.474 3.221 0.412 0.576
24.878 -1.437 0.781 0.477
3.212 -2.901 1.250 0.279
30.426 5.972 1.453 0.234
-1.916 4.354 0.584 0.275
-31.775 -1.920 0.185 0.235
19.982 -0.506 0.698 0.559
-15.277 -3.570 1.498 0.230
18.910 -2.990 1.402 0.294
-36.491 5.814 1.353 0.747
-4.092 4.176 1.255 0.307
-39.002 4.822 0.217 0.275
22.047 5.477 0.698 0.431
-22.540 5.359 0.621 0.281
29.720 0.724 0.805 0.592
-23.586 1.015 1.212 0.700
34.208 0.070 0.554 0.578
-1.398 3.646 0.209 0.551
-26.808 -5.286 0.233 0.713
-35.810 1.897 0.733 0.508
-21.877 -3.394 0.769 0.625
-8.794 -3.623 0.894 0.532
-28.845 -2.360 1.193 0.536
3.391 -1.042 0.252 0.660
25.147 -2.516 0.810 0.277
-36.464 1.710 0.079 0.716
24.005 3.350 1.462 0.605
-3.804 2.294 0.757 0.405
-11.126 4.643 1.453 0.576
-8.233 5.335 0.376 0.440
-21.345 -3.170 1.463 0.724
-39.108 -3.149 1.253 0.820
-27.566 0.535 0.874 0.880
-19.101 -5.224 1.456 0.603
7.475 2.055 0.191 0.353
-23.632 2.485 0.884 0.843
-28.259 -1.108 0.629 0.770
-9.928 3.132 0.317 0.839
15.234 0.615 1.205 0.833
-7.342 -4.653 1.020 0.230
-19.440 1.122 1.146 0.600
-5.445 0.696 1.470 0.597
-38.731 -0.281 -0.092 0.776
-37.623 -2.243 0.363 0.718
-32.890 -4.712 0.321 0.877
-18.825 -3.477 0.288 0.835
-21.847 1.353 -0.028 0.609
-13.772 0.350 0.614 0.554
-17.947 1.965 0.421 0.888
9.233 -0.287 0.477 0.442
35.457 3.556 0.818 0.836
16.510 0.668 0.220 0.612
37.161 0.040 0.861 0.323
18.972 2.060 0.847 0.459
-33.621 -0.687 0.534 0.304
7.549 -1.142 0.240 0.470
28.272 -1.793 0.124 0.234
13.652 -0.437 1.088 0.873
18.844 -4.039 0.750 0.219
0.378 -2.869 0.076 0.612
37.814 5.652 1.289 0.793
19.042 -5.182 1.200 0.470
28.170 -1.387 0.481 0.894
-18.138 -2.735 0.646 0.608
-34.923 -4.255 0.805 0.377
15.276 1.930 1.427 0.579
22.243 1.444 0.229 0.379
-23.213 -0.621 0.867 0.411
20.560 -0.397 0.466 0.582
11.630 5.307 0.829 0.473
-16.854 2.205 0.234 0.429
-38.855 1.980 1.028 0.201
25.535 4.162 1.387 0.334
21.524 -0.697 0.111 0.577
-38.506 1.584 0.807 0.538
-25.914 -3.345 0.638 0.371
-39.297 -0.061 0.115 0.236
37.808 3.294 0.421 0.864
-9.839 -0.684 0.513 0.274
8.971 5.245 1.443 0.754
31.439 -4.312 1.193 0.758
4.266 -1.568 0.371 0.422
-18.237 -4.931 -0.099 0.583
21.187 -4.833 1.092 0.496
20.259 2.433 0.852 0.372
-33.218 -0.196 0.612 0.507
0.289 -4.948 0.442 0.881
-14.896 -2.855 -0.045 0.393
8.001 0.975 1.278 0.860
30.723 -2.673 1.402 0.249
-11.689 -2.261 0.919 0.874
31.748 1.360 0.905 0.577
-35.078 -4.494 1.496 0.355
-12.288 2.592 0.974 0.328
32.994 -2.798 1.187 0.522
4.072 4.261 0.104 0.268
-37.495 2.012 0.179 0.795
-26.743 5.365 0.141 0.419
-31.619 -5.904 0.865 0.299
32.108 1.529 1.225 0.581
-30.967 -3.118 1.285 0.216
-4.233 5.467 0.690 0.231
12.767 4.818 1.474 0.427
-19.028 1.123 1.104 0.775
-29.835 3.573 0.125 0.292
-14.285 5.262 0.933 0.353
5.041 -1.234 0.843 0.423
18.777 -2.993 1.035 0.806
11.106 -4.107 0.208 0.225
-9.103 5.793 0.086 0.387
18.809 0.760 0.508 0.624
20.620 -4.270 0.839 0.487
-33.478 -1.520 0.330 0.802
8.860 2.783 0.371 0.582
-11.770 0.688 1.080 0.241
37.236 -2.275 0.166 0.229
26.206 2.926 0.321 0.655
37.884 1.418 0.152 0.315
-20.477 -1.389 1.364 0.500
-10.993 -1.166 0.047 0.621
35.083 -4.007 0.428 0.878
-1.190 4.644 1.383 0.810
0.703 -4.678 0.208 0.374
19.303 -1.403 0.443 0.653
35.157 -1.755 0.442 0.817
-36.480 -5.858 0.864 0.725
10.152 -0.749 -0.008 0.883
4.453 3.753 1.471 0.607
7.612 3.804 0.069 0.871
18.768 3.457 1.355 0.693
-27.142 -3.348 1.104 0.556
-16.918 1.193 0.264 0.739
4.585 -0.188 1.241 0.834
-12.170 -1.591 1.240 0.554
29.548 0.390 0.311 0.262
11.195 5.102 1.055 0.673
-23.221 4.426 0.485 0.740
-24.095 2.788 0.384 0.463
11.049 4.774 0.403 0.708
-17.008 -5.338 0.688 0.234
2.450 -4.467 0.380 0.868
7.325 -1.178 1.165 0.878
8.811 0.048 -0.035 0.373
20.891 -1.491 1.340 0.575
3.812 1.468 1.238 0.627
-20.776 0.413 1.251 0.794
-6.607 -0.019 0.584 0.411
-12.628 -4.836 0.851 0.705
21.582 5.766 1.247 0.373
-29.744 1.658 0.121 0.658
34.183 2.155 0.370 0.770
-25.362 -2.936 0.880 0.208
-24.075 5.742 0.810 0.226
-21.310 -5.212 0.027 0.628
16.907 0.832 0.547 0.435
2.721 2.984 0.063 0.504
13.550 3.660 0.120 0.513
-28.309 1.106 0.857 0.481
34.658 -0.352 1.415 0.286
-27.833 -4.167 0.239 0.208
-25.260 -1.056 1.038 0.546
25.655 1.979 0.221 0.804
-0.673 0.577 1.271 0.569
-16.869 3.823 0.097 0.336
26.448 -2.408 1.125 0.802
9.149 -1.723 0.157 0.737
18.613 3.604 0.257 0.565
24.843 -5.797 0.714 0.866
-23.187 -4.455 0.872 0.522
-27.826 1.742 1.498 0.789
4.693 5.235 0.036 0.565
-36.274 3.251 1.067 0.560
-18.320 5.321 0.438 0.700
-6.919 2.833 0.580 0.684
39.101 -0.337 0.058 0.320
-4.793 4.101 1.221 0.863
-8.395 2.576 0.715 0.276
-28.081 -2.362 1.117 0.613
23.888 3.278 0.627 0.684
9.800 5.603 0.627 0.550
-18.547 5.732 0.999 0.314
-23.500 -1.878 0.250 0.382
36.262 3.230 0.031 0.431
39.632 1.757 0.061 0.520
-36.119 3.205 0.234 0.456
-23.872 1.926 1.336 0.232
22.187 -0.138 1.429 0.479
-12.620 5.635 0.515 0.288
-12.675 -2.080 0.351 0.460
-35.810 -1.629 0.193 0.674
36.726 0.484 1.184 0.654
-35.697 -1.299 -0.054 0.389
27.590 -5.742 0.627 0.267
-36.209 0.237 0.035 0.229
-3.453 1.067 1.226 0.808
10.991 1.006 0.110 0.282
3.706 -3.193 1.176 0.482
0.208 -5.043 0.106 0.657
39.429 -5.509 0.931 0.234
-6.594 2.526 1.435 0.533
-11.122 -0.370 1.057 0.214
-34.989 -2.557 -0.095 0.660
3.409 4.987 1.442 0.839
-33.226 -5.109 1.123 0.870
-38.393 -5.723 0.357 0.235
-21.524 5.083 0.051 0.830
23.283 5.947 1.053 0.619
-36.755 -1.317 0.400 0.734
-28.277 -5.074 0.905 0.786
-10.791 2.778 0.981 0.399
-23.246 -2.575 0.205 0.774
38.551 0.817 0.841 0.408
10.685 0.435 0.398 0.417
31.715 -4.961 0.949 0.291
-28.600 -3.458 0.115 0.391
36.803 -2.265 0.723 0.621
16.538 1.339 1.003 0.781
-16.995 5.290 0.424 0.305
36.123 -5.857 0.273 0.833
-30.060 4.940 0.049 0.347
33.898 4.029 0.115 0.510
-12.286 1.608 1.224 0.272
-30.059 -0.371 0.367 0.590
-31.112 4.154 0.010 0.549
35.652 -2.946 0.337 0.666
-12.782 5.124 0.213 0.439
2.454 4.220 0.625 0.648
7.210 0.780 1.359 0.895
24.332 -1.586 1.453 0.329
-35.793 1.630 1.154 0.688
-16.737 -0.919 0.769 0.551
13.799 2.834 0.589 0.761
-33.400 2.659 1.143 0.227
6.279 -1.431 0.491 0.890
30.451 -2.287 0.547 0.280
-19.738 1.830 -0.089 0.874
-0.798 -2.763 0.822 0.466
33.995 3.874 0.804 0.545
33.995 2.412 1.168 0.629
-24.066 -3.325 1.337 0.564
-13.931 3.019 0.473 0.488
-27.424 5.343 0.450 0.859
-19.171 -5.531 0.216 0.496
15.163 -0.834 0.154 0.399
15.454 3.679 1.030 0.855
-4.299 5.817 0.235 0.857
-25.166 4.230 1.152 0.698
-15.903 2.319 1.388 0.423
7.303 3.472 0.906 0.535
-25.919 -3.949 1.373 0.619
25.181 3.324 1.476 0.222
37.672 -3.738 0.190 0.470
31.149 2.762 0.570 0.372
-38.945 -0.928 1.360 0.513
-28.418 3.385 0.959 0.231
-5.281 -2.042 0.997 0.712
-31.135 5.026 0.132 0.807
14.766 -0.890 0.662 0.497
-3.657 -3.042 1.462 0.813
27.950 2.830 0.775 0.454
-13.720 -3.233 0.170 0.861
-27.733 5.857 1.396 0.316
-23.869 0.471 1.345 0.542
-14.223 -1.960 0.985 0.685
-31.142 1.320 0.806 0.734
23.419 -0.073 1.220 0.634
-3.604 1.929 0.276 0.838
29.637 2.297 1.499 0.562
-1.875 -0.316 0.782 0.359
1.908 3.089 0.585 0.385
0.033 5.691 1.422 0.469
16.562 2.707 0.203 0.383
3.636 5.896 0.637 0.645
21.868 -1.619 0.337 0.580
-12.512 -0.279 0.994 0.633
13.909 2.308 0.393 0.490
34.118 -0.472 0.339 0.295
-24.610 -3.118 0.621 0.837
-5.971 3.374 0.481 0.772
-20.700 -4.842 1.357 0.485
-25.411 2.326 0.022 0.348
-4.373 -2.337 1.126 0.740
23.056 3.344 -0.048 0.536
-26.103 -3.077 0.372 0.582
-9.001 1.234 1.131 0.621
-35.654 -1.561 0.146 0.374
-30.603 -1.774 -0.009 0.828
-17.774 4.008 1.499 0.316
-10.029 2.899 1.050 0.578
24.664 -2.978 0.358 0.831
-27.988 -4.558 0.710 0.872
24.324 2.219 0.550 0.446
-11.835 -0.058 0.124 0.512
-10.314 1.625 0.190 0.452
-12.504 2.395 0.289 0.474
-8.963 5.788 0.196 0.758
2.337 1.296 0.054 0.512
28.219 2.032 1.455 0.341
4.971 4.786 1.022 0.826
-5.612 5.165 1.356 0.401
33.903 0.885 1.472 0.535
22.871 4.969 1.140 0.267
16.714 0.501 0.731 0.889
-3.582 -1.009 0.438 0.841
37.224 -3.056 0.382 0.544
-34.847 0.292 0.751 0.290
20.341 5.879 0.589 0.803
-3.018 -5.579 0.819 0.668
-6.655 3.831 1.106 0.312
38.463 -2.005 0.517 0.487
38.248 5.394 0.390 0.336
31.867 0.449 0.504 0.786
0.806 -2.124 0.126 0.755
-2.207 1.060 0.405 0.226
-29.070 5.779 0.728 0.737
-13.503 0.430 0.099 0.777
